pair 0 0.000000 0.000000 0.000000
0, count=1024
pair 1 0.250000 -0.083333 0.125000
1, count=512
pair 2 0.125000 -0.125000 0.000000
2, count=1024
pair 3 0.125000 0.041667 0.125000
3, count=512
pair 4 0.000000 0.000000 -0.250000
4, count=1024
pair 5 0.125000 -0.125000 -0.250000
5, count=1024
pair 6 0.000000 0.000000 0.500000
6, count=2048
pair 7 0.250000 -0.083333 -0.375000
7, count=512
pair 8 0.125000 -0.125000 0.500000
8, count=2048
pair 9 0.125000 0.041667 -0.375000
9, count=512
pair 10 0.000000 -0.250000 0.000000
10, count=1024
pair 11 0.250000 -0.333333 0.125000
11, count=512
pair 12 0.125000 -0.375000 0.000000
12, count=1024
pair 13 0.125000 -0.208333 0.125000
13, count=512
pair 14 0.000000 -0.250000 -0.250000
14, count=1024
pair 15 0.125000 -0.375000 -0.250000
15, count=1024
pair 16 0.000000 -0.250000 0.500000
16, count=2048
pair 17 0.250000 -0.333333 -0.375000
17, count=512
pair 18 0.125000 -0.375000 0.500000
18, count=2048
pair 19 0.125000 -0.208333 -0.375000
19, count=512
pair 20 0.000000 -0.500000 0.000000
20, count=2048
pair 21 0.250000 0.416667 0.125000
21, count=512
pair 22 0.125000 0.375000 0.000000
22, count=1024
pair 23 0.125000 -0.458333 0.125000
23, count=512
pair 24 0.000000 -0.500000 -0.250000
24, count=2048
pair 25 0.125000 0.375000 -0.250000
25, count=1024
pair 26 0.000000 -0.500000 0.500000
26, count=4096
pair 27 0.250000 0.416667 -0.375000
27, count=512
pair 28 0.125000 0.375000 0.500000
28, count=2048
pair 29 0.125000 -0.458333 -0.375000
29, count=512
pair 30 0.000000 0.250000 0.000000
30, count=1024
pair 31 0.250000 0.166667 0.125000
31, count=512
pair 32 0.125000 0.125000 0.000000
32, count=1024
pair 33 0.125000 0.291667 0.125000
33, count=512
pair 34 0.000000 0.250000 -0.250000
34, count=1024
pair 35 0.125000 0.125000 -0.250000
35, count=1024
pair 36 0.000000 0.250000 0.500000
36, count=2048
pair 37 0.250000 0.166667 -0.375000
37, count=512
pair 38 0.125000 0.125000 0.500000
38, count=2048
pair 39 0.125000 0.291667 -0.375000
39, count=512
pair 40 -0.250000 0.000000 0.000000
40, count=1024
pair 41 0.000000 -0.083333 0.125000
41, count=512
pair 42 -0.250000 0.000000 -0.250000
42, count=1024
pair 43 -0.250000 0.000000 0.500000
43, count=2048
pair 44 0.000000 -0.083333 -0.375000
44, count=512
pair 45 -0.250000 -0.250000 0.000000
45, count=1024
pair 46 0.000000 -0.333333 0.125000
46, count=512
pair 47 -0.250000 -0.250000 -0.250000
47, count=1024
pair 48 -0.250000 -0.250000 0.500000
48, count=2048
pair 49 0.000000 -0.333333 -0.375000
49, count=512
pair 50 -0.250000 -0.500000 0.000000
50, count=2048
pair 51 0.000000 0.416667 0.125000
51, count=512
pair 52 -0.250000 -0.500000 -0.250000
52, count=2048
pair 53 -0.250000 -0.500000 0.500000
53, count=4096
pair 54 0.000000 0.416667 -0.375000
54, count=512
pair 55 -0.250000 0.250000 0.000000
55, count=1024
pair 56 0.000000 0.166667 0.125000
56, count=512
pair 57 -0.250000 0.250000 -0.250000
57, count=1024
pair 58 -0.250000 0.250000 0.500000
58, count=2048
pair 59 0.000000 0.166667 -0.375000
59, count=512
pair 60 0.500000 0.000000 0.000000
60, count=2048
pair 61 -0.375000 -0.125000 0.000000
61, count=1024
pair 62 -0.375000 0.041667 0.125000
62, count=512
pair 63 0.500000 0.000000 -0.250000
63, count=2048
pair 64 -0.375000 -0.125000 -0.250000
64, count=1024
pair 65 0.500000 0.000000 0.500000
65, count=4096
pair 66 -0.375000 -0.125000 0.500000
66, count=2048
pair 67 -0.375000 0.041667 -0.375000
67, count=512
pair 68 0.500000 -0.250000 0.000000
68, count=2048
pair 69 -0.375000 -0.375000 0.000000
69, count=1024
pair 70 -0.375000 -0.208333 0.125000
70, count=512
pair 71 0.500000 -0.250000 -0.250000
71, count=2048
pair 72 -0.375000 -0.375000 -0.250000
72, count=1024
pair 73 0.500000 -0.250000 0.500000
73, count=4096
pair 74 -0.375000 -0.375000 0.500000
74, count=2048
pair 75 -0.375000 -0.208333 -0.375000
75, count=512
pair 76 0.500000 -0.500000 0.000000
76, count=4096
pair 77 -0.375000 0.375000 0.000000
77, count=1024
pair 78 -0.375000 -0.458333 0.125000
78, count=512
pair 79 0.500000 -0.500000 -0.250000
79, count=4096
pair 80 -0.375000 0.375000 -0.250000
80, count=1024
pair 81 0.500000 -0.500000 0.500000
81, count=8192
pair 82 -0.375000 0.375000 0.500000
82, count=2048
pair 83 -0.375000 -0.458333 -0.375000
83, count=512
pair 84 0.500000 0.250000 0.000000
84, count=2048
pair 85 -0.375000 0.125000 0.000000
85, count=1024
pair 86 -0.375000 0.291667 0.125000
86, count=512
pair 87 0.500000 0.250000 -0.250000
87, count=2048
pair 88 -0.375000 0.125000 -0.250000
88, count=1024
pair 89 0.500000 0.250000 0.500000
89, count=4096
pair 90 -0.375000 0.125000 0.500000
90, count=2048
pair 91 -0.375000 0.291667 -0.375000
91, count=512
pair 92 0.500000 -0.083333 0.125000
92, count=1024
pair 93 0.500000 -0.083333 -0.375000
93, count=1024
pair 94 0.500000 -0.333333 0.125000
94, count=1024
pair 95 0.500000 -0.333333 -0.375000
95, count=1024
pair 96 0.500000 0.416667 0.125000
96, count=1024
pair 97 0.500000 0.416667 -0.375000
97, count=1024
pair 98 0.500000 0.166667 0.125000
98, count=1024
pair 99 0.500000 0.166667 -0.375000
99, count=1024
pair 100 -0.250000 0.083333 -0.125000
100, count=512
pair 101 -0.125000 -0.041667 -0.125000
101, count=512
pair 102 -0.250000 0.083333 -0.375000
102, count=512
pair 103 -0.125000 -0.041667 -0.375000
103, count=512
pair 104 -0.250000 -0.166667 -0.125000
104, count=512
pair 105 -0.125000 -0.291667 -0.125000
105, count=512
pair 106 -0.250000 -0.166667 -0.375000
106, count=512
pair 107 -0.125000 -0.291667 -0.375000
107, count=512
pair 108 -0.250000 -0.416667 -0.125000
108, count=512
pair 109 -0.125000 0.458333 -0.125000
109, count=512
pair 110 -0.250000 -0.416667 -0.375000
110, count=512
pair 111 -0.125000 0.458333 -0.375000
111, count=512
pair 112 -0.250000 0.333333 -0.125000
112, count=512
pair 113 -0.125000 0.208333 -0.125000
113, count=512
pair 114 -0.250000 0.333333 -0.375000
114, count=512
pair 115 -0.125000 0.208333 -0.375000
115, count=512
pair 116 -0.500000 0.083333 -0.125000
116, count=1024
pair 117 -0.375000 -0.041667 -0.125000
117, count=512
pair 118 -0.500000 0.083333 -0.375000
118, count=1024
pair 119 -0.375000 -0.041667 -0.375000
119, count=512
pair 120 -0.500000 -0.166667 -0.125000
120, count=1024
pair 121 -0.375000 -0.291667 -0.125000
121, count=512
pair 122 -0.500000 -0.166667 -0.375000
122, count=1024
pair 123 -0.375000 -0.291667 -0.375000
123, count=512
pair 124 -0.500000 -0.416667 -0.125000
124, count=1024
pair 125 -0.375000 0.458333 -0.125000
125, count=512
pair 126 -0.500000 -0.416667 -0.375000
126, count=1024
pair 127 -0.375000 0.458333 -0.375000
127, count=512
pair 128 -0.500000 0.333333 -0.125000
128, count=1024
pair 129 -0.375000 0.208333 -0.125000
129, count=512
pair 130 -0.500000 0.333333 -0.375000
130, count=1024
pair 131 -0.375000 0.208333 -0.375000
131, count=512
pair 132 0.000000 0.083333 -0.125000
132, count=512
pair 133 0.000000 0.083333 -0.375000
133, count=512
pair 134 0.000000 -0.166667 -0.125000
134, count=512
pair 135 0.000000 -0.166667 -0.375000
135, count=512
pair 136 0.000000 -0.416667 -0.125000
136, count=512
pair 137 0.000000 -0.416667 -0.375000
137, count=512
pair 138 0.000000 0.333333 -0.125000
138, count=512
pair 139 0.000000 0.333333 -0.375000
139, count=512
Collecting position list...
XDATCAR
XDATCAR
NPAIR=140
Lambda=0.089246
T=800.0000	ln(DET)=-12.6482	S_classic=6.6706	S_quantum=6.5989
